Colliders 8
-21 -6 21 -5
-21 5 21 6
-21 -21 -20 21
20 -21 21 21
-15 -15 -5 -5
-15 5 -5 15
5 -15 15 -5
5 5 15 15
Mountpoints 26
12.5 0 -5 0 0 1
12.5 0 5 0 0 -1
10.5 0 5 0 0 -1
8.5 0 5 0 0 -1
6.5 0 5 0 0 -1
4.5 0 5 0 0 -1
2.5 0 5 0 0 -1
0.5 0 5 0 0 -1
-2.5 0 5 0 0 -1
-4.5 0 5 0 0 -1
-6.5 0 5 0 0 -1
-8.5 0 5 0 0 -1
-10.5 0 5 0 0 -1
-12.5 0 5 0 0 -1
-12.5 0 -5 0 0 1
-10.5 0 -5 0 0 1
-8.5 0 -5 0 0 1
-6.5 0 -5 0 0 1
-4.5 0 -5 0 0 1
-2.5 0 5 0 0 1
0.5 0 -5 0 0 1
2.5 0 -5 0 0 1
4.5 0 -5 0 0 1
6.5 0 -5 0 0 1
8.5 0 -5 0 0 1
10.5 0 -5 0 0 1

